0.9997555
0.9863716
0.9999895
0.99999464
0.9999871
0.9942818
0.94008654
0.43649295
0.028040715
0.00890485
0.0011276
5.1772484E-4
0.03712992
0.9999085
0.99914086
0.060393967
0.027409678
0.11272365
0.0053662527
0.06819367
0.008925112
0.0128995795
0.0122238
0.008411897
1.0835E-4
9.687217E-5
0.9999649
0.02789105
0.99997824
0.005696
0.04267909
0.019910758
0.044735093
1.837E-4
4.3931347E-4
0.0068552396
0.00887345
6.61E-4
8.345E-5
0.99999934
0.0039886073
0.017611207
0.9992537
6.025E-5
0.0466427
6.115E-4
9.86E-5
1.628E-4
0.0012732
1.6255E-4
5.0E-7
3.3E-5
0.9999977
0.0027632075
0.0065833
0.00536465
0.99991477
7.3E-6
0.03390423
0.0070698
0.0029781
0.009441747
0.010740175
5.115E-5
7.105E-5
0.9999946
7.22697E-4
1.8551138E-4
0.007159401
0.004757451
0.99984694
0.01047935
0.0266088
0.0309872
0.015112173
0.025522182
0.0010596
1.8245E-4
0.99776196
1.9395E-4
1.5635E-4
1.7105871E-4
8.6170906E-4
0.0089215245
0.9859586
0.04600304
1.225E-5
8.21E-5
0.0014595
3.555E-5
6.095E-5
0.010870231
0.0141174
6.1610306E-5
0.0125885205
0.00319225
4.0136868E-4
2.4E-5
0.99528503
2.2725E-4
0.01436802
0.0018614
0.01272725
0.0010545496
5.899005E-5
3.1030315E-4
0.0021735025
0.005139217
0.0013921524
8.69E-5
0.035113055
0.01318385
0.9783148
0.02880455
0.011818871
0.0011628
1.4713523E-4
2.345E-5
3.2674533E-4
0.0015422
1.2E-5
0.0022159
0.03008967
4.2250316E-4
0.0049074655
0.019339945
0.99962676
0.02595119
3.778E-4
7.9E-5
3.165E-5
7.357501E-5
8.01E-5
0.004258813
0.002570897
0.009655707
0.009683245
0.0026876
0.006132707
0.0037585
0.99998736
4.17E-5
0.05197406
2.3561452E-6
7.99217E-5
0.0095857065
0.0019767417
0.03157004
0.0140499165
0.029326357
0.0055840774
0.03190338
0.01088672
0.06159813
0.99974877
0.115072146
2.35E-5
0.9941821
0.9878269
0.9969412
0.9998128
0.9998226
0.99999154
0.9998507
0.9997184
0.9999935
0.99999624
0.999987
1.1685E-4
