1.55E-5
8.325129E-6
8.5E-7
1.75E-6
7.9E-6
3.625E-5
7.11E-5
7.35E-6
4.2582778E-4
9.7E-5
5.575E-5
7.891379E-5
4.555E-5
3.235E-5
5.0847193E-5
3.447267E-5
6.35E-6
2.41E-5
1.365E-5
1.148477E-4
1.925E-5
3.5352197E-5
6.045E-5
2.1145E-4
2.0604357E-4
3.061E-4
6.7E-6
5.1E-6
5.958777E-6
7.99E-5
8.455E-5
1.5441557E-4
1.27E-5
2.9515E-4
1.215E-5
2.7993903E-4
3.6807827E-4
7.682082E-5
2.035E-5
7.0E-7
3.0E-5
5.2E-6
1.3E-5
1.15785115E-5
1.1825E-4
5.45E-6
3.8145363E-4
5.4217386E-4
2.1070536E-4
1.651E-4
5.0635157E-5
7.741338E-4
3.3E-6
1.595E-5
1.8E-5
1.2561406E-5
4.51E-5
2.26E-5
6.602457E-5
4.9E-6
2.7755E-4
3.72E-5
2.46E-5
5.067E-4
3.560334E-4
1.5891908E-5
8.0E-7
3.55E-6
1.865E-5
7.55E-6
2.355E-5
6.335E-5
8.0403144E-5
1.35047085E-5
3.57E-5
1.475E-5
2.8243416E-4
5.821194E-4
2.669918E-5
7.197839E-5
2.465E-5
5.15E-6
9.4855295E-6
8.855642E-5
2.535E-5
1.1E-6
6.725E-5
3.7E-6
1.4195E-4
4.0024545E-4
4.92E-5
1.4833591E-5
6.5257336E-5
4.317905E-5
7.15213E-5
4.988266E-5
1.35E-6
4.81E-5
3.686622E-5
3.275484E-5
1.05E-5
2.4496912E-4
3.88E-5
8.225E-5
3.878989E-5
1.856724E-5
6.4299704E-5
4.0E-7
5.8795278E-5
1.5991625E-5
2.78E-5
1.575E-5
6.101254E-5
1.263745E-4
7.75E-6
3.4023597E-5
1.2943827E-4
2.6875745E-5
2.935E-5
2.833516E-5
5.3589574E-5
6.309338E-5
7.15E-6
3.529345E-5
3.8851882E-5
2.635E-5
3.1610165E-5
3.5003017E-5
1.5888941E-4
1.0695975E-4
3.8768764E-4
9.2808514E-5
1.3822269E-4
1.3875111E-5
1.0402789E-4
1.43695715E-5
2.3E-6
7.565E-5
3.15E-6
6.25E-6
7.555243E-4
3.4398766E-4
1.5055967E-4
0.0015991033
1.2228268E-4
3.45E-6
6.6847766E-5
1.265E-5
1.065E-5
1.11E-5
3.9E-6
9.20573E-6
2.4149262E-5
2.15E-6
4.149026E-4
9.25E-6
0.28543633
7.6263765E-5
1.2556845E-4
5.7511956E-5
1.0E-5
1.15E-6
1.505E-5
1.48E-5
1.167E-4
3.25E-6
1.21E-5
1.135E-5
0.0011899574
